-1 0 -3
-1 -1 -3
0 -1 -3
0 -1 -2
-1 -1 -2
-1 0 -2
-2 0 -2
-2 -1 -2
-2 -1 -3
-3 -1 -3
-3 -1 -4
-3 -1 -5
-3 -1 -6
-2 -1 -6
-2 -1 -5
-1 -1 -5
-1 -2 -5
0 -2 -5
0 -3 -5
1 -3 -5
1 -3 -6
0 -3 -6
0 -4 -6
0 -4 -7
0 -5 -7
1 -5 -7
2 -5 -7
2 -5 -8
3 -5 -8
3 -5 -9
3 -6 -9
3 -7 -9
2 -7 -9
2 -6 -9
2 -6 -8
3 -6 -8
3 -6 -7
4 -6 -7
4 -5 -7
4 -5 -8
5 -5 -8
5 -4 -8
5 -4 -9
5 -4 -10
4 -4 -10
4 -4 -9
4 -5 -9
5 -5 -9
6 -5 -9
6 -5 -8
7 -5 -8
7 -6 -8
7 -7 -8
8 -7 -8
9 -7 -8
10 -7 -8
10 -7 -7
10 -7 -6
9 -7 -6
9 -7 -7
8 -7 -7
8 -8 -7
9 -8 -7
9 -8 -8
9 -9 -8
9 -9 -7
8 -9 -7
8 -10 -7
8 -10 -8
8 -9 -8
8 -8 -8
7 -8 -8
7 -8 -9
