-1 -2 -3
0 -2 -3
0 -2 -2
0 -1 -2
0 0 -2
-1 0 -2
-1 -1 -2
-1 -1 -3
-2 -1 -3
-2 -1 -4
-2 -2 -4
-2 -3 -4
-3 -3 -4
-3 -3 -5
-3 -3 -6
-2 -3 -6
-2 -3 -5
-1 -3 -5
-1 -3 -6
-1 -3 -7
0 -3 -7
1 -3 -7
1 -4 -7
0 -4 -7
0 -5 -7
1 -5 -7
1 -5 -8
2 -5 -8
3 -5 -8
3 -5 -9
3 -6 -9
2 -6 -9
2 -6 -8
2 -7 -8
3 -7 -8
3 -6 -8
3 -6 -7
4 -6 -7
4 -6 -8
4 -5 -8
5 -5 -8
5 -4 -8
5 -4 -9
5 -4 -10
4 -4 -10
4 -4 -9
4 -5 -9
5 -5 -9
6 -5 -9
6 -6 -9
6 -7 -9
6 -7 -8
7 -7 -8
8 -7 -8
9 -7 -8
10 -7 -8
10 -7 -7
10 -7 -6
9 -7 -6
9 -7 -7
8 -7 -7
8 -8 -7
8 -8 -8
9 -8 -8
9 -8 -7
9 -9 -7
8 -9 -7
8 -10 -7
8 -10 -8
8 -9 -8
9 -9 -8
9 -9 -9
9 -9 -10
