-1 0 -3
-1 0 -4
-1 -1 -4
-2 -1 -4
-2 0 -4
-2 0 -3
-2 0 -2
-3 0 -2
-3 0 -3
-3 0 -4
-3 0 -5
-2 0 -5
-2 -1 -5
-2 -2 -5
-2 -2 -6
-1 -2 -6
-1 -2 -5
0 -2 -5
0 -3 -5
0 -4 -5
1 -4 -5
1 -4 -6
0 -4 -6
0 -5 -6
1 -5 -6
2 -5 -6
2 -5 -7
3 -5 -7
3 -6 -7
3 -6 -8
2 -6 -8
2 -6 -9
2 -7 -9
2 -7 -8
3 -7 -8
3 -7 -7
4 -7 -7
4 -6 -7
4 -5 -7
4 -5 -8
4 -4 -8
5 -4 -8
5 -4 -9
5 -4 -10
4 -4 -10
4 -4 -9
4 -5 -9
5 -5 -9
5 -6 -9
5 -6 -8
6 -6 -8
7 -6 -8
8 -6 -8
9 -6 -8
10 -6 -8
10 -7 -8
9 -7 -8
8 -7 -8
8 -7 -7
8 -7 -6
8 -8 -6
8 -8 -7
8 -8 -8
9 -8 -8
9 -9 -8
9 -9 -7
8 -9 -7
8 -10 -7
8 -10 -8
8 -9 -8
7 -9 -8
7 -9 -9
7 -8 -9
