2 -2 0
2 -2 1
2 -2 2
2 -1 2
2 -1 1
2 0 1
3 0 1
3 -1 1
3 -1 0
2 -1 0
1 -1 0
1 -1 -1
0 -1 -1
0 -1 -2
0 0 -2
0 0 -3
0 -1 -3
0 -2 -3
0 -3 -3
0 -3 -2
0 -4 -2
-1 -4 -2
-1 -5 -2
-2 -5 -2
-2 -5 -3
-1 -5 -3
0 -5 -3
0 -5 -2
0 -5 -1
1 -5 -1
1 -5 0
1 -5 1
1 -5 2
1 -6 2
0 -6 2
0 -6 1
0 -5 1
-1 -5 1
-1 -5 0
0 -5 0
0 -6 0
1 -6 0
1 -6 -1
1 -7 -1
1 -8 -1
1 -9 -1
1 -9 -2
1 -8 -2
2 -8 -2
2 -9 -2
2 -10 -2
3 -10 -2
3 -11 -2
3 -12 -2
3 -12 -1
4 -12 -1
4 -11 -1
5 -11 -1
5 -11 0
4 -11 0
3 -11 0
3 -11 -1
3 -10 -1
4 -10 -1
4 -9 -1
4 -9 0
4 -10 0
4 -10 1
3 -10 1
3 -11 1
4 -11 1
4 -11 2
4 -11 3
