0 -2 2
0 -1 2
0 -1 1
1 -1 1
1 -1 2
1 -1 3
0 -1 3
-1 -1 3
-1 -1 4
-1 0 4
-1 0 3
-1 1 3
-1 1 2
-1 2 2
0 2 2
0 2 3
-1 2 3
-1 2 4
0 2 4
0 1 4
-1 1 4
-1 1 5
-1 0 5
-2 0 5
-2 0 6
-2 0 7
-2 0 8
-2 0 9
-2 0 10
-3 0 10
-3 0 11
-4 0 11
-4 0 12
-4 0 13
-4 0 14
-4 0 15
-4 1 15
-4 2 15
-5 2 15
-6 2 15
-6 1 15
-7 1 15
-7 2 15
-7 2 16
-6 2 16
-6 2 17
-6 3 17
-6 3 16
-5 3 16
-5 2 16
-4 2 16
-4 1 16
-4 0 16
-3 0 16
-2 0 16
-2 0 15
-3 0 15
-3 -1 15
-3 -2 15
-3 -2 14
-3 -3 14
-3 -3 13
-4 -3 13
-4 -3 12
-3 -3 12
-3 -4 12
-3 -4 13
-2 -4 13
-2 -5 13
-3 -5 13
-3 -5 12
-3 -5 11
-4 -5 11
