-3 0 -1
-2 0 -1
-2 1 -1
-2 1 -2
-2 0 -2
-2 0 -3
-3 0 -3
-3 0 -2
-3 -1 -2
-3 -1 -3
-3 -1 -4
-2 -1 -4
-2 -2 -4
-2 -2 -5
-2 -2 -6
-1 -2 -6
-1 -2 -5
-1 -3 -5
-1 -3 -6
0 -3 -6
0 -4 -6
1 -4 -6
1 -4 -7
0 -4 -7
0 -4 -8
0 -5 -8
1 -5 -8
2 -5 -8
3 -5 -8
3 -5 -9
3 -6 -9
3 -7 -9
2 -7 -9
2 -7 -8
2 -7 -7
3 -7 -7
4 -7 -7
4 -6 -7
4 -6 -8
4 -5 -8
5 -5 -8
5 -4 -8
5 -4 -9
5 -4 -10
4 -4 -10
4 -4 -9
4 -5 -9
5 -5 -9
6 -5 -9
6 -5 -8
6 -6 -8
7 -6 -8
8 -6 -8
9 -6 -8
9 -7 -8
9 -7 -7
9 -7 -6
10 -7 -6
10 -8 -6
9 -8 -6
8 -8 -6
8 -8 -7
9 -8 -7
9 -8 -8
9 -9 -8
9 -9 -7
8 -9 -7
8 -10 -7
8 -10 -8
8 -9 -8
8 -8 -8
8 -8 -9
9 -8 -9
